573 0 1
573 1 1
573 2 1
573 3 1
573 4 1
573 5 1
573 6 1
573 7 1
573 8 1
573 9 1
573 10 1
573 11 1
573 12 1
573 13 1
573 14 1
573 15 1
573 16 1
573 17 1
573 18 1
573 19 1
573 20 1
573 21 1
573 22 1
573 23 1
573 24 1
573 25 1
573 26 1
573 27 1
573 28 1
573 29 1
573 30 1
573 31 1
573 32 1
573 33 1
573 34 1
573 35 1
573 36 1
573 37 1
573 38 1
573 39 1
573 40 1
573 41 1
573 42 1
573 43 1
573 44 1
573 45 1
573 46 1
573 47 1
573 48 1
573 49 1
573 50 1
573 51 1
573 52 1
573 53 1
573 54 1
573 55 1
573 56 1
573 57 1
573 58 1
573 59 1
573 60 1
573 61 1
573 62 1
573 63 1
573 64 1
573 65 1
573 66 1
573 67 1
573 68 1
573 69 1
573 70 1
573 71 1
573 72 1
573 73 1
573 74 1
573 75 1
573 76 1
573 77 1
573 78 1
573 79 1
573 80 1
573 81 1
573 82 1
573 83 1
573 84 1
573 85 1
573 86 1
573 87 1
573 88 1
573 89 1
573 90 1
573 91 1
573 92 1
573 93 1
573 94 1
573 95 1
573 96 1
573 97 1
573 98 1
573 99 1
573 100 1
573 101 1
573 102 1
573 103 1
573 104 1
573 105 1
573 106 1
573 107 1
573 108 1
573 109 1
573 110 1
573 111 1
573 112 1
573 113 1
573 114 1
573 115 1
573 116 1
573 117 1
573 118 1
573 119 1
573 120 1
573 121 1
573 122 1
573 123 1
573 124 1
573 125 1
573 126 1
573 127 1
573 128 1
573 129 1
573 130 1
573 131 1
573 132 1
573 133 1
573 134 1
573 135 1
573 136 1
573 137 1
573 138 1
573 139 1
573 140 1
573 141 1
573 142 1
573 143 1
573 144 1
573 145 1
573 146 1
573 147 1
573 148 1
573 149 1
573 150 1
573 151 1
573 152 1
573 153 1
573 154 1
573 155 1
573 156 1
573 157 1
573 158 1
573 159 1
573 160 1
573 161 1
573 162 1
573 163 1
573 164 1
573 165 1
573 166 1
573 167 1
573 168 1
573 169 1
573 170 1
573 171 1
573 172 1
573 173 1
573 174 1
573 175 1
573 176 1
573 177 1
573 178 1
573 179 1
573 180 1
573 181 1
573 182 1
573 183 1
573 184 1
573 185 1
573 186 1
573 187 1
573 188 1
573 189 1
573 190 1
573 191 1
573 192 1
573 193 1
573 194 1
573 195 1
573 196 1
573 197 1
573 198 1
573 199 1
573 200 1
573 201 1
573 202 1
573 203 1
573 204 1
573 205 1
573 206 1
573 207 1
573 208 1
573 209 1
573 210 1
573 211 1
573 212 1
573 213 1
573 214 1
573 215 1
573 216 1
573 217 1
573 218 1
573 219 1
573 220 1
573 221 1
573 222 1
573 223 1
573 224 1
573 225 1
573 226 1
573 227 1
573 228 1
573 229 1
573 230 1
573 231 1
573 232 1
573 233 1
573 234 1
573 235 1
573 236 1
573 237 1
573 238 1
573 239 1
573 240 1
573 241 1
573 242 1
573 243 1
573 244 1
573 245 1
573 246 1
573 247 1
573 248 1
573 249 1
573 250 1
573 251 1
573 252 1
573 253 1
573 254 1
573 255 1
573 256 1
573 257 1
573 258 1
573 259 1
573 260 1
573 261 1
573 262 1
573 263 1
573 264 1
573 265 1
573 266 1
573 267 1
573 268 1
573 269 1
573 270 1
573 271 1
573 272 1
573 273 1
573 274 1
573 275 1
573 276 1
573 277 1
573 278 1
573 279 1
573 280 1
573 281 1
573 282 1
573 283 1
573 284 1
573 285 1
573 286 1
573 287 1
573 288 1
573 289 1
573 290 1
573 291 1
573 292 1
573 293 1
573 294 1
573 295 1
573 296 1
573 297 1
573 298 1
573 299 1
573 300 1
573 301 1
573 302 1
573 303 1
573 304 1
573 305 1
573 306 1
573 307 1
133 307 1
134 307 1
135 307 1
136 307 1
137 307 1
138 307 1
139 307 1
140 307 1
141 307 1
142 307 1
143 307 1
144 307 1
145 307 1
146 307 1
147 307 1
148 307 1
149 307 1
150 307 1
151 307 1
152 307 1
153 307 1
154 307 1
155 307 1
156 307 1
157 307 1
158 307 1
159 307 1
160 307 1
161 307 1
162 307 1
163 307 1
164 307 1
165 307 1
166 307 1
167 307 1
168 307 1
169 307 1
170 307 1
171 307 1
172 307 1
173 307 1
174 307 1
175 307 1
176 307 1
177 307 1
178 307 1
179 307 1
180 307 1
181 307 1
182 307 1
183 307 1
184 307 1
185 307 1
186 307 1
187 307 1
188 307 1
189 307 1
190 307 1
191 307 1
192 307 1
193 307 1
194 307 1
195 307 1
196 307 1
197 307 1
198 307 1
199 307 1
200 307 1
201 307 1
202 307 1
203 307 1
204 307 1
205 307 1
206 307 1
207 307 1
208 307 1
209 307 1
210 307 1
211 307 1
212 307 1
213 307 1
214 307 1
215 307 1
216 307 1
217 307 1
218 307 1
219 307 1
220 307 1
221 307 1
222 307 1
223 307 1
224 307 1
225 307 1
226 307 1
227 307 1
228 307 1
229 307 1
230 307 1
231 307 1
232 307 1
233 307 1
234 307 1
235 307 1
236 307 1
237 307 1
238 307 1
239 307 1
240 307 1
241 307 1
242 307 1
243 307 1
244 307 1
245 307 1
246 307 1
247 307 1
248 307 1
249 307 1
250 307 1
251 307 1
252 307 1
253 307 1
254 307 1
255 307 1
256 307 1
257 307 1
258 307 1
259 307 1
260 307 1
261 307 1
262 307 1
263 307 1
264 307 1
265 307 1
266 307 1
267 307 1
268 307 1
269 307 1
270 307 1
271 307 1
272 307 1
273 307 1
274 307 1
275 307 1
276 307 1
277 307 1
278 307 1
279 307 1
280 307 1
281 307 1
282 307 1
283 307 1
284 307 1
285 307 1
286 307 1
287 307 1
288 307 1
289 307 1
290 307 1
291 307 1
292 307 1
293 307 1
294 307 1
295 307 1
296 307 1
297 307 1
298 307 1
299 307 1
300 307 1
301 307 1
302 307 1
303 307 1
304 307 1
305 307 1
306 307 1
307 307 1
308 307 1
309 307 1
310 307 1
311 307 1
312 307 1
313 307 1
314 307 1
315 307 1
316 307 1
317 307 1
318 307 1
319 307 1
320 307 1
321 307 1
322 307 1
323 307 1
324 307 1
325 307 1
326 307 1
327 307 1
328 307 1
329 307 1
330 307 1
331 307 1
332 307 1
333 307 1
334 307 1
335 307 1
336 307 1
337 307 1
338 307 1
339 307 1
340 307 1
341 307 1
342 307 1
343 307 1
344 307 1
345 307 1
346 307 1
347 307 1
348 307 1
349 307 1
350 307 1
351 307 1
352 307 1
353 307 1
354 307 1
355 307 1
356 307 1
357 307 1
358 307 1
359 307 1
360 307 1
361 307 1
362 307 1
363 307 1
364 307 1
365 307 1
366 307 1
367 307 1
368 307 1
369 307 1
370 307 1
371 307 1
372 307 1
373 307 1
374 307 1
375 307 1
376 307 1
377 307 1
378 307 1
379 307 1
380 307 1
381 307 1
382 307 1
383 307 1
384 307 1
385 307 1
386 307 1
387 307 1
388 307 1
389 307 1
390 307 1
391 307 1
392 307 1
393 307 1
394 307 1
395 307 1
396 307 1
397 307 1
398 307 1
399 307 1
400 307 1
401 307 1
402 307 1
403 307 1
404 307 1
405 307 1
406 307 1
407 307 1
408 307 1
409 307 1
410 307 1
411 307 1
412 307 1
413 307 1
414 307 1
415 307 1
416 307 1
417 307 1
418 307 1
419 307 1
420 307 1
421 307 1
422 307 1
423 307 1
424 307 1
425 307 1
426 307 1
427 307 1
428 307 1
429 307 1
430 307 1
431 307 1
432 307 1
433 307 1
434 307 1
435 307 1
436 307 1
437 307 1
438 307 1
439 307 1
440 307 1
441 307 1
442 307 1
443 307 1
444 307 1
445 307 1
446 307 1
447 307 1
448 307 1
449 307 1
450 307 1
451 307 1
452 307 1
453 307 1
454 307 1
455 307 1
456 307 1
457 307 1
458 307 1
459 307 1
460 307 1
461 307 1
462 307 1
463 307 1
464 307 1
465 307 1
466 307 1
467 307 1
468 307 1
469 307 1
470 307 1
471 307 1
472 307 1
473 307 1
474 307 1
475 307 1
476 307 1
477 307 1
478 307 1
479 307 1
480 307 1
481 307 1
482 307 1
483 307 1
484 307 1
485 307 1
486 307 1
487 307 1
488 307 1
489 307 1
490 307 1
491 307 1
492 307 1
493 307 1
494 307 1
495 307 1
496 307 1
497 307 1
498 307 1
499 307 1
500 307 1
501 307 1
502 307 1
503 307 1
504 307 1
505 307 1
506 307 1
507 307 1
508 307 1
509 307 1
510 307 1
511 307 1
512 307 1
513 307 1
514 307 1
515 307 1
516 307 1
517 307 1
518 307 1
519 307 1
520 307 1
521 307 1
522 307 1
523 307 1
524 307 1
525 307 1
526 307 1
527 307 1
528 307 1
529 307 1
530 307 1
531 307 1
532 307 1
533 307 1
534 307 1
535 307 1
536 307 1
537 307 1
538 307 1
539 307 1
540 307 1
541 307 1
542 307 1
543 307 1
544 307 1
545 307 1
546 307 1
547 307 1
548 307 1
549 307 1
550 307 1
551 307 1
552 307 1
553 307 1
554 307 1
555 307 1
556 307 1
557 307 1
558 307 1
559 307 1
560 307 1
561 307 1
562 307 1
563 307 1
564 307 1
565 307 1
566 307 1
567 307 1
568 307 1
569 307 1
570 307 1
571 307 1
572 307 1
133 308 1
133 309 1
133 310 1
133 311 1
133 312 1
133 313 1
133 314 1
133 315 1
133 316 1
133 317 1
133 318 1
133 319 1
133 320 1
133 321 1
133 322 1
133 323 1
133 324 1
133 325 1
133 326 1
133 327 1
133 328 1
133 329 1
133 330 1
133 331 1
133 332 1
133 333 1
133 334 1
133 335 1
133 336 1
133 337 1
133 338 1
133 339 1
133 340 1
133 341 1
133 342 1
133 343 1
133 344 1
133 345 1
133 346 1
133 347 1
133 348 1
133 349 1
133 350 1
133 351 1
133 352 1
133 353 1
133 354 1
133 355 1
133 356 1
133 357 1
133 358 1
133 359 1
133 360 1
133 361 1
133 362 1
133 363 1
133 364 1
133 365 1
133 366 1
133 367 1
133 368 1
133 369 1
133 370 1
133 371 1
133 372 1
133 373 1
133 374 1
133 375 1
133 376 1
133 377 1
133 378 1
133 379 1
133 380 1
133 381 1
133 382 1
133 383 1
133 384 1
133 385 1
133 386 1
133 387 1
133 388 1
133 389 1
133 390 1
133 391 1
133 392 1
133 393 1
133 394 1
133 395 1
133 396 1
133 397 1
133 398 1
133 399 1
133 400 1
133 401 1
133 402 1
133 403 1
133 404 1
133 405 1
133 406 1
133 407 1
133 408 1
133 409 1
133 410 1
133 411 1
133 412 1
133 413 1
133 414 1
133 415 1
133 416 1
133 417 1
133 418 1
133 419 1
133 420 1
133 421 1
133 422 1
133 423 1
133 424 1
133 425 1
133 426 1
133 427 1
133 428 1
133 429 1
133 430 1
133 431 1
133 432 1
133 433 1
133 434 1
133 435 1
133 436 1
133 437 1
133 438 1
133 439 1
133 440 1
133 441 1
133 442 1
133 443 1
133 444 1
133 445 1
133 446 1
133 447 1
133 448 1
133 449 1
133 450 1
133 451 1
133 452 1
653 857 1
653 858 1
653 859 1
653 860 1
653 861 1
653 862 1
653 863 1
653 864 1
653 865 1
653 866 1
653 867 1
653 868 1
653 869 1
653 870 1
653 871 1
653 872 1
653 873 1
653 874 1
653 875 1
653 876 1
653 877 1
653 878 1
653 879 1
653 880 1
653 881 1
653 882 1
653 883 1
653 884 1
653 885 1
653 886 1
653 887 1
653 888 1
653 889 1
653 890 1
653 891 1
653 892 1
653 893 1
653 894 1
653 895 1
653 896 1
653 897 1
653 898 1
653 899 1
653 900 1
653 901 1
653 902 1
653 903 1
653 904 1
653 905 1
653 906 1
653 907 1
653 908 1
653 909 1
653 910 1
653 911 1
653 912 1
653 913 1
653 914 1
653 915 1
653 916 1
653 917 1
653 918 1
653 919 1
653 920 1
653 921 1
653 922 1
653 923 1
653 924 1
653 925 1
653 926 1
653 927 1
653 928 1
653 929 1
653 930 1
653 931 1
653 932 1
653 933 1
653 934 1
653 935 1
653 936 1
653 937 1
653 938 1
653 939 1
653 940 1
653 941 1
653 942 1
653 943 1
653 944 1
653 945 1
653 946 1
653 947 1
653 948 1
653 949 1
653 950 1
653 951 1
653 952 1
653 953 1
653 954 1
653 955 1
653 956 1
653 957 1
653 958 1
653 959 1
653 960 1
653 961 1
653 962 1
653 963 1
653 964 1
653 965 1
653 966 1
653 967 1
653 968 1
653 969 1
653 970 1
653 971 1
653 972 1
653 973 1
653 974 1
653 975 1
653 976 1
653 977 1
653 978 1
653 979 1
653 980 1
653 981 1
653 982 1
653 983 1
653 984 1
653 985 1
653 986 1
653 987 1
653 988 1
653 989 1
653 990 1
653 991 1
653 992 1
653 993 1
653 994 1
653 995 1
653 996 1
653 997 1
653 998 1
653 999 1
653 1000 1
653 1001 1
653 1002 1
653 1003 1
653 1004 1
653 1005 1
653 1006 1
653 1007 1
653 1008 1
653 1009 1
653 1010 1
653 1011 1
653 1012 1
653 1013 1
653 1014 1
653 1015 1
653 1016 1
653 1017 1
653 1018 1
653 1019 1
653 1020 1
653 1021 1
653 1022 1
653 1023 1
653 1024 1
653 1025 1
653 1026 1
653 1027 1
653 1028 1
653 1029 1
653 1030 1
653 1031 1
653 1032 1
653 1033 1
653 1034 1
653 1035 1
653 1036 1
653 1037 1
653 1038 1
653 1039 1
653 1040 1
653 1041 1
653 1042 1
653 1043 1
653 1044 1
653 1045 1
653 1046 1
653 1047 1
653 1048 1
653 1049 1
653 1050 1
653 1051 1
653 1052 1
653 1053 1
653 1054 1
653 1055 1
653 1056 1
653 1057 1
653 1058 1
653 1059 1
653 1060 1
653 1061 1
653 1062 1
653 1063 1
653 1064 1
653 1065 1
653 1066 1
653 1067 1
653 1068 1
653 1069 1
653 1070 1
653 1071 1
653 1072 1
653 1073 1
653 1074 1
653 1075 1
653 1076 1
653 1077 1
653 1078 1
653 1079 1
653 1080 1
653 1081 1
653 1082 1
653 1083 1
653 1084 1
653 1085 1
653 1086 1
653 1087 1
653 1088 1
653 1089 1
653 1090 1
653 1091 1
653 1092 1
653 1093 1
653 1094 1
653 1095 1
653 1096 1
653 1097 1
653 1098 1
653 1099 1
653 1100 1
653 1101 1
653 1102 1
653 1103 1
653 1104 1
653 1105 1
653 1106 1
653 1107 1
653 1108 1
653 1109 1
653 1110 1
653 1111 1
653 1112 1
653 1113 1
653 1114 1
653 1115 1
653 1116 1
653 1117 1
653 1118 1
653 1119 1
653 1120 1
653 1121 1
653 1122 1
653 1123 1
653 1124 1
653 1125 1
653 1126 1
653 1127 1
653 1128 1
653 1129 1
653 1130 1
653 1131 1
653 1132 1
653 1133 1
653 1134 1
653 1135 1
653 1136 1
653 1137 1
653 1138 1
653 1139 1
653 1140 1
653 1141 1
653 1142 1
653 1143 1
653 1144 1
653 1145 1
653 1146 1
653 1147 1
653 1148 1
653 1149 1
653 1150 1
653 1151 1
653 1152 1
653 1153 1
653 1154 1
653 1155 1
653 1156 1
653 1157 1
653 1158 1
653 1159 1
653 1160 1
653 1161 1
653 1162 1
653 1163 1
653 1164 1
653 1165 1
653 1166 1
653 1167 1
653 1168 1
653 1169 1
653 1170 1
653 1171 1
653 1172 1
653 1173 1
653 1174 1
653 1175 1
653 1176 1
653 1177 1
653 1178 1
653 1179 1
653 1180 1
653 1181 1
653 1182 1
653 1183 1
653 1184 1
653 1185 1
653 1186 1
653 1187 1
653 1188 1
653 1189 1
653 1190 1
653 1191 1
653 1192 1
653 1193 1
653 1194 1
653 1195 1
653 1196 1
653 1197 1
653 1198 1
653 1199 1
653 1200 1
653 1201 1
653 1202 1
653 1203 1
653 1204 1
653 1205 1
653 1206 1
653 1207 1
653 1208 1
653 1209 1
653 1210 1
653 1211 1
653 1212 1
653 1213 1
653 1214 1
653 1215 1
653 1216 1
653 1217 1
653 1218 1
653 1219 1
653 1220 1
653 1221 1
653 1222 1
653 1223 1
653 1224 1
653 1225 1
653 1226 1
653 1227 1
653 1228 1
653 1229 1
653 1230 1
653 1231 1
653 1232 1
653 1233 1
653 1234 1
653 1235 1
653 1236 1
653 1237 1
653 1238 1
653 1239 1
653 1240 1
654 857 1
654 1240 1
655 857 1
655 1240 1
656 857 1
656 1240 1
657 857 1
657 1240 1
658 857 1
658 1240 1
659 857 1
659 1240 1
660 857 1
660 1240 1
661 857 1
661 1240 1
662 857 1
662 1240 1
663 857 1
663 1240 1
664 857 1
664 1240 1
665 857 1
665 1240 1
666 857 1
666 1240 1
667 857 1
667 1240 1
668 857 1
668 1240 1
669 857 1
669 1240 1
670 857 1
670 1240 1
671 857 1
671 1240 1
672 857 1
672 1240 1
673 857 1
673 1240 1
674 857 1
674 1240 1
675 857 1
675 1240 1
676 857 1
676 1240 1
677 857 1
677 1240 1
678 857 1
678 1240 1
679 857 1
679 1240 1
680 857 1
680 1240 1
681 857 1
681 1240 1
682 857 1
682 1240 1
683 857 1
683 1240 1
684 857 1
684 1240 1
685 857 1
685 1240 1
686 857 1
686 1240 1
687 857 1
687 1240 1
688 857 1
688 1240 1
689 857 1
689 1240 1
690 857 1
690 1240 1
691 857 1
691 1240 1
692 857 1
692 1240 1
693 857 1
693 1240 1
694 857 1
694 1240 1
695 857 1
695 1240 1
696 857 1
696 1240 1
697 857 1
697 1240 1
698 857 1
698 1240 1
699 857 1
699 1240 1
700 857 1
700 1240 1
701 857 1
701 1240 1
702 857 1
702 1240 1
703 857 1
703 1240 1
704 857 1
704 1240 1
705 857 1
705 1240 1
706 857 1
706 1240 1
707 857 1
707 1240 1
708 857 1
708 1240 1
709 857 1
709 1240 1
710 857 1
710 1240 1
711 857 1
711 1240 1
712 857 1
712 1240 1
713 857 1
713 1240 1
714 857 1
714 1240 1
715 857 1
715 1240 1
716 857 1
716 1240 1
717 857 1
717 1240 1
718 857 1
718 1240 1
719 857 1
719 1240 1
720 857 1
720 1240 1
721 857 1
721 1240 1
722 857 1
722 1240 1
723 857 1
723 1240 1
724 857 1
724 1240 1
725 857 1
725 1240 1
726 857 1
726 1240 1
727 857 1
727 1240 1
728 857 1
728 1240 1
729 857 1
729 1240 1
730 857 1
730 1240 1
731 857 1
731 1240 1
732 857 1
732 1240 1
733 857 1
733 1240 1
734 857 1
734 1240 1
735 857 1
735 1240 1
736 857 1
736 1240 1
737 857 1
737 1240 1
738 857 1
738 1240 1
739 857 1
739 1240 1
740 857 1
740 1240 1
741 857 1
741 1240 1
742 857 1
742 1240 1
743 857 1
743 1240 1
744 857 1
744 1240 1
745 857 1
745 1240 1
746 857 1
746 1240 1
747 857 1
747 1240 1
748 857 1
748 1240 1
749 857 1
749 1240 1
750 857 1
750 1240 1
751 857 1
751 1240 1
752 857 1
752 1240 1
753 857 1
753 1240 1
754 857 1
754 1240 1
755 857 1
755 1240 1
756 857 1
756 1240 1
757 857 1
757 1240 1
758 857 1
758 1240 1
759 857 1
759 1240 1
760 857 1
760 1240 1
761 857 1
761 1240 1
762 857 1
762 1240 1
763 857 1
763 1240 1
764 857 1
764 1240 1
765 857 1
765 1240 1
766 857 1
766 1240 1
767 857 1
767 1240 1
768 857 1
768 1240 1
769 857 1
769 1240 1
770 857 1
770 1240 1
771 857 1
771 1240 1
772 857 1
772 1240 1
773 857 1
773 1240 1
774 857 1
774 1240 1
775 857 1
775 1240 1
776 857 1
776 1240 1
777 857 1
777 1240 1
778 857 1
778 1240 1
779 857 1
779 1240 1
780 857 1
780 1240 1
781 857 1
781 1240 1
781 1300 1
781 1500 1
782 857 1
782 1240 1
782 1300 1
782 1500 1
783 857 1
783 1240 1
783 1300 1
783 1500 1
784 857 1
784 1240 1
784 1300 1
784 1500 1
785 857 1
785 1240 1
785 1300 1
785 1500 1
786 857 1
786 1240 1
786 1300 1
786 1500 1
787 857 1
787 1240 1
787 1300 1
787 1500 1
788 857 1
788 1240 1
788 1300 1
788 1500 1
789 857 1
789 1240 1
789 1300 1
789 1500 1
790 857 1
790 1240 1
790 1300 1
790 1500 1
791 857 1
791 1240 1
791 1300 1
791 1500 1
792 857 1
792 1240 1
792 1300 1
792 1500 1
793 857 1
793 1240 1
793 1300 1
793 1500 1
794 857 1
794 1240 1
794 1300 1
794 1500 1
795 857 1
795 1240 1
795 1300 1
795 1500 1
796 857 1
796 1240 1
796 1300 1
796 1500 1
797 857 1
797 1240 1
797 1300 1
797 1500 1
798 857 1
798 1240 1
798 1300 1
798 1500 1
799 857 1
799 1240 1
799 1300 1
799 1500 1
800 857 1
800 981 1
800 982 1
800 983 1
800 984 1
800 985 1
800 986 1
800 987 1
800 988 1
800 989 1
800 990 1
800 991 1
800 992 1
800 993 1
800 994 1
800 995 1
800 996 1
800 997 1
800 998 1
800 999 1
800 1000 1
800 1001 1
800 1002 1
800 1003 1
800 1004 1
800 1005 1
800 1006 1
800 1007 1
800 1008 1
800 1009 1
800 1010 1
800 1011 1
800 1012 1
800 1013 1
800 1014 1
800 1015 1
800 1016 1
800 1017 1
800 1018 1
800 1019 1
800 1020 1
800 1021 1
800 1022 1
800 1023 1
800 1024 1
800 1025 1
800 1026 1
800 1027 1
800 1028 1
800 1029 1
800 1030 1
800 1031 1
800 1032 1
800 1033 1
800 1034 1
800 1035 1
800 1036 1
800 1037 1
800 1038 1
800 1039 1
800 1040 1
800 1041 1
800 1042 1
800 1043 1
800 1044 1
800 1045 1
800 1046 1
800 1047 1
800 1048 1
800 1049 1
800 1050 1
800 1051 1
800 1052 1
800 1053 1
800 1054 1
800 1055 1
800 1056 1
800 1057 1
800 1058 1
800 1059 1
800 1060 1
800 1061 1
800 1062 1
800 1063 1
800 1064 1
800 1065 1
800 1066 1
800 1067 1
800 1068 1
800 1069 1
800 1070 1
800 1071 1
800 1072 1
800 1073 1
800 1074 1
800 1075 1
800 1076 1
800 1077 1
800 1078 1
800 1079 1
800 1080 1
800 1081 1
800 1082 1
800 1083 1
800 1084 1
800 1085 1
800 1086 1
800 1087 1
800 1088 1
800 1089 1
800 1090 1
800 1091 1
800 1092 1
800 1093 1
800 1094 1
800 1095 1
800 1096 1
800 1097 1
800 1098 1
800 1099 1
800 1100 1
800 1101 1
800 1102 1
800 1103 1
800 1104 1
800 1105 1
800 1106 1
800 1107 1
800 1108 1
800 1109 1
800 1110 1
800 1111 1
800 1112 1
800 1113 1
800 1114 1
800 1115 1
800 1116 1
800 1117 1
800 1118 1
800 1119 1
800 1120 1
800 1121 1
800 1122 1
800 1123 1
800 1124 1
800 1125 1
800 1126 1
800 1127 1
800 1128 1
800 1129 1
800 1130 1
800 1131 1
800 1132 1
800 1133 1
800 1134 1
800 1135 1
800 1136 1
800 1137 1
800 1138 1
800 1139 1
800 1140 1
800 1141 1
800 1142 1
800 1143 1
800 1144 1
800 1145 1
800 1146 1
800 1147 1
800 1148 1
800 1149 1
800 1150 1
800 1151 1
800 1152 1
800 1153 1
800 1154 1
800 1155 1
800 1156 1
800 1157 1
800 1158 1
800 1159 1
800 1160 1
800 1161 1
800 1162 1
800 1163 1
800 1164 1
800 1165 1
800 1166 1
800 1167 1
800 1168 1
800 1169 1
800 1170 1
800 1171 1
800 1172 1
800 1173 1
800 1174 1
800 1175 1
800 1176 1
800 1177 1
800 1178 1
800 1179 1
800 1180 1
800 1181 1
800 1182 1
800 1183 1
800 1184 1
800 1185 1
800 1186 1
800 1187 1
800 1188 1
800 1189 1
800 1190 1
800 1191 1
800 1192 1
800 1193 1
800 1194 1
800 1195 1
800 1196 1
800 1197 1
800 1198 1
800 1199 1
800 1200 1
800 1201 1
800 1202 1
800 1203 1
800 1204 1
800 1205 1
800 1206 1
800 1207 1
800 1208 1
800 1209 1
800 1210 1
800 1211 1
800 1212 1
800 1213 1
800 1214 1
800 1215 1
800 1216 1
800 1217 1
800 1218 1
800 1219 1
800 1220 1
800 1221 1
800 1222 1
800 1223 1
800 1224 1
800 1225 1
800 1226 1
800 1227 1
800 1228 1
800 1229 1
800 1230 1
800 1231 1
800 1232 1
800 1233 1
800 1234 1
800 1235 1
800 1236 1
800 1237 1
800 1238 1
800 1239 1
800 1240 1
800 1300 1
800 1500 1
801 857 1
801 981 1
801 1300 1
801 1500 1
802 857 1
802 981 1
802 1300 1
802 1500 1
803 857 1
803 981 1
803 1300 1
803 1500 1
804 857 1
804 981 1
804 1300 1
804 1500 1
805 857 1
805 981 1
805 1300 1
805 1500 1
806 857 1
806 981 1
806 1300 1
806 1500 1
807 857 1
807 981 1
807 1300 1
807 1500 1
808 857 1
808 981 1
808 1300 1
808 1500 1
809 857 1
809 981 1
809 1300 1
809 1500 1
810 857 1
810 981 1
810 1300 1
810 1500 1
811 857 1
811 981 1
811 1300 1
811 1500 1
812 857 1
812 981 1
812 1300 1
812 1500 1
813 857 1
813 981 1
813 1300 1
813 1500 1
814 857 1
814 981 1
814 1300 1
814 1500 1
815 857 1
815 981 1
815 1300 1
815 1500 1
816 857 1
816 981 1
816 1300 1
816 1500 1
817 857 1
817 981 1
817 1300 1
817 1500 1
818 857 1
818 981 1
818 1300 1
818 1500 1
819 857 1
819 981 1
819 1300 1
819 1500 1
820 857 1
820 981 1
820 1300 1
820 1500 1
821 857 1
821 981 1
821 1300 1
821 1500 1
822 857 1
822 981 1
822 1300 1
822 1500 1
823 857 1
823 981 1
823 1300 1
823 1500 1
824 857 1
824 981 1
824 1300 1
824 1500 1
825 857 1
825 981 1
825 1300 1
825 1500 1
826 857 1
826 981 1
826 1300 1
826 1500 1
827 857 1
827 981 1
827 1300 1
827 1500 1
828 857 1
828 981 1
828 1300 1
828 1500 1
829 857 1
829 981 1
829 1300 1
829 1500 1
830 857 1
830 981 1
830 1300 1
830 1500 1
831 857 1
831 981 1
831 1300 1
831 1500 1
832 857 1
832 981 1
832 1300 1
832 1500 1
833 857 1
833 981 1
833 1300 1
833 1500 1
834 857 1
834 981 1
834 1300 1
834 1500 1
835 857 1
835 981 1
835 1300 1
835 1500 1
836 857 1
836 981 1
836 1300 1
836 1500 1
837 857 1
837 981 1
837 1300 1
837 1500 1
838 857 1
838 981 1
838 1300 1
838 1500 1
839 857 1
839 981 1
839 1300 1
839 1500 1
840 857 1
840 981 1
840 1300 1
840 1500 1
841 857 1
841 981 1
841 1300 1
841 1500 1
842 857 1
842 981 1
842 1300 1
842 1500 1
843 857 1
843 981 1
843 1300 1
843 1500 1
844 857 1
844 981 1
844 1300 1
844 1500 1
845 857 1
845 981 1
845 1300 1
845 1500 1
846 857 1
846 981 1
846 1300 1
846 1500 1
847 857 1
847 981 1
847 1300 1
847 1500 1
848 857 1
848 981 1
848 1300 1
848 1500 1
849 857 1
849 981 1
849 1300 1
849 1500 1
850 857 1
850 981 1
850 1300 1
850 1500 1
851 857 1
851 981 1
851 1300 1
851 1500 1
852 857 1
852 981 1
852 1300 1
852 1500 1
853 857 1
853 981 1
853 1300 1
853 1500 1
854 857 1
854 981 1
854 1300 1
854 1500 1
855 857 1
855 981 1
855 1300 1
855 1500 1
856 857 1
856 981 1
856 1300 1
856 1500 1
857 857 1
857 981 1
857 1300 1
857 1500 1
858 857 1
858 981 1
858 1300 1
858 1500 1
859 857 1
859 981 1
859 1300 1
859 1500 1
860 857 1
860 981 1
860 1300 1
860 1500 1
861 857 1
861 981 1
861 1300 1
861 1500 1
862 857 1
862 981 1
862 1300 1
862 1500 1
863 857 1
863 981 1
863 1300 1
863 1500 1
864 857 1
864 981 1
864 1300 1
864 1500 1
865 857 1
865 981 1
865 1300 1
865 1500 1
866 857 1
866 981 1
866 1300 1
866 1500 1
867 857 1
867 981 1
867 1300 1
867 1500 1
868 857 1
868 981 1
868 1300 1
868 1500 1
869 857 1
869 981 1
869 1300 1
869 1500 1
870 857 1
870 981 1
870 1300 1
870 1500 1
871 857 1
871 981 1
871 1300 1
871 1500 1
872 857 1
872 981 1
872 1300 1
872 1500 1
873 857 1
873 981 1
873 1300 1
873 1500 1
874 857 1
874 981 1
874 1300 1
874 1500 1
875 857 1
875 981 1
875 1300 1
875 1500 1
876 857 1
876 981 1
876 1300 1
876 1500 1
877 857 1
877 981 1
877 1300 1
877 1500 1
878 857 1
878 981 1
878 1300 1
878 1500 1
879 857 1
879 981 1
879 1300 1
879 1500 1
880 857 1
880 981 1
880 1300 1
880 1500 1
881 857 1
881 981 1
881 1300 1
881 1500 1
882 857 1
882 981 1
882 1300 1
882 1500 1
883 857 1
883 981 1
883 1300 1
883 1500 1
884 857 1
884 981 1
884 1300 1
884 1500 1
885 857 1
885 981 1
885 1300 1
885 1500 1
886 857 1
886 981 1
886 1300 1
886 1500 1
887 857 1
887 981 1
887 1300 1
887 1500 1
888 857 1
888 981 1
888 1300 1
888 1500 1
889 857 1
889 981 1
889 1300 1
889 1500 1
890 857 1
890 981 1
890 1300 1
890 1500 1
891 857 1
891 981 1
891 1300 1
891 1500 1
892 857 1
892 981 1
892 1300 1
892 1500 1
893 857 1
893 981 1
893 1300 1
893 1500 1
894 857 1
894 981 1
894 1300 1
894 1500 1
895 857 1
895 981 1
895 1300 1
895 1500 1
896 857 1
896 981 1
896 1300 1
896 1500 1
897 857 1
897 981 1
897 1300 1
897 1500 1
898 857 1
898 981 1
898 1300 1
898 1500 1
899 857 1
899 981 1
899 1300 1
899 1500 1
900 857 1
900 981 1
900 1300 1
900 1500 1
901 857 1
901 981 1
901 1300 1
901 1500 1
902 857 1
902 981 1
902 1300 1
902 1500 1
903 857 1
903 981 1
903 1300 1
903 1500 1
904 857 1
904 981 1
904 1300 1
904 1500 1
905 857 1
905 981 1
905 1300 1
905 1500 1
906 857 1
906 981 1
906 1300 1
906 1500 1
907 857 1
907 981 1
907 1300 1
907 1500 1
908 857 1
908 981 1
908 1300 1
908 1500 1
909 857 1
909 981 1
909 1300 1
909 1500 1
910 857 1
910 981 1
910 1300 1
910 1500 1
911 857 1
911 981 1
911 1300 1
911 1500 1
912 857 1
912 981 1
912 1300 1
912 1500 1
913 857 1
913 981 1
913 1300 1
913 1500 1
914 857 1
914 981 1
914 1300 1
914 1500 1
915 857 1
915 981 1
915 1300 1
915 1500 1
916 857 1
916 981 1
916 1300 1
916 1500 1
917 857 1
917 981 1
917 1300 1
917 1500 1
918 857 1
918 981 1
918 1300 1
918 1500 1
919 857 1
919 981 1
919 1300 1
919 1500 1
920 857 1
920 981 1
920 1300 1
920 1500 1
921 857 1
921 981 1
921 1300 1
921 1500 1
922 857 1
922 981 1
922 1300 1
922 1500 1
923 857 1
923 981 1
923 1300 1
923 1500 1
924 857 1
924 981 1
924 1300 1
924 1500 1
925 857 1
925 981 1
925 1300 1
925 1500 1
926 857 1
926 981 1
926 1300 1
926 1500 1
927 857 1
927 981 1
927 1300 1
927 1500 1
928 857 1
928 981 1
928 1300 1
928 1500 1
929 857 1
929 981 1
929 1300 1
929 1500 1
930 857 1
930 981 1
930 1300 1
930 1500 1
931 857 1
931 981 1
931 1300 1
931 1500 1
932 857 1
932 981 1
932 1300 1
932 1500 1
933 857 1
933 981 1
933 1300 1
933 1500 1
934 857 1
934 981 1
934 1300 1
934 1500 1
935 857 1
935 981 1
935 1300 1
935 1500 1
936 857 1
936 981 1
936 1300 1
936 1500 1
937 857 1
937 981 1
937 1300 1
937 1500 1
938 857 1
938 981 1
938 1300 1
938 1500 1
939 857 1
939 981 1
939 1300 1
939 1500 1
940 857 1
940 981 1
940 1300 1
940 1500 1
941 857 1
941 981 1
941 1300 1
941 1500 1
942 857 1
942 981 1
942 1300 1
942 1500 1
943 857 1
943 981 1
943 1300 1
943 1500 1
944 857 1
944 981 1
944 1300 1
944 1500 1
945 857 1
945 981 1
945 1300 1
945 1500 1
946 857 1
946 981 1
946 1300 1
946 1500 1
947 857 1
947 981 1
947 1300 1
947 1500 1
948 857 1
948 981 1
948 1300 1
948 1500 1
949 857 1
949 981 1
949 1300 1
949 1500 1
950 857 1
950 981 1
950 1300 1
950 1500 1
951 857 1
951 981 1
951 1300 1
951 1500 1
952 857 1
952 981 1
952 1300 1
952 1500 1
953 857 1
953 981 1
953 1300 1
953 1500 1
954 857 1
954 981 1
954 1300 1
954 1500 1
955 857 1
955 981 1
955 1300 1
955 1500 1
956 857 1
956 981 1
956 1300 1
956 1500 1
957 857 1
957 981 1
957 1300 1
957 1500 1
958 857 1
958 981 1
958 1300 1
958 1500 1
959 857 1
959 981 1
959 1300 1
959 1500 1
960 857 1
960 981 1
960 1300 1
960 1500 1
961 857 1
961 981 1
961 1300 1
961 1500 1
962 857 1
962 981 1
962 1300 1
962 1500 1
963 857 1
963 981 1
963 1300 1
963 1500 1
964 857 1
964 981 1
964 1300 1
964 1500 1
965 857 1
965 981 1
965 1300 1
965 1500 1
966 857 1
966 981 1
966 1300 1
966 1500 1
967 857 1
967 981 1
967 1300 1
967 1500 1
968 857 1
968 981 1
968 1300 1
968 1500 1
969 857 1
969 981 1
969 1300 1
969 1500 1
970 857 1
970 981 1
970 1300 1
970 1500 1
971 857 1
971 981 1
971 1300 1
971 1500 1
972 857 1
972 981 1
972 1300 1
972 1500 1
973 857 1
973 981 1
973 1300 1
973 1500 1
974 857 1
974 981 1
974 1300 1
974 1500 1
975 857 1
975 981 1
975 1300 1
975 1500 1
976 857 1
976 981 1
976 1300 1
976 1500 1
977 857 1
977 981 1
977 1300 1
977 1500 1
978 857 1
978 981 1
978 1300 1
978 1500 1
979 857 1
979 981 1
979 1300 1
979 1500 1
980 857 1
980 981 1
980 1300 1
980 1500 1
981 857 1
981 981 1
981 1300 1
981 1500 1
982 857 1
982 981 1
982 1300 1
982 1500 1
983 857 1
983 981 1
983 1300 1
983 1500 1
984 857 1
984 981 1
984 1300 1
984 1500 1
985 857 1
985 981 1
985 1300 1
985 1500 1
986 857 1
986 981 1
986 1300 1
986 1500 1
987 857 1
987 981 1
987 1300 1
987 1500 1
988 857 1
988 981 1
988 1300 1
988 1500 1
989 857 1
989 981 1
989 1300 1
989 1500 1
990 857 1
990 981 1
990 1300 1
990 1500 1
991 857 1
991 981 1
991 1300 1
991 1500 1
992 857 1
992 981 1
992 1300 1
992 1500 1
993 857 1
993 981 1
993 1300 1
993 1500 1
994 857 1
994 981 1
994 1300 1
994 1500 1
995 857 1
995 981 1
995 1300 1
995 1500 1
996 857 1
996 981 1
996 1300 1
996 1500 1
997 857 1
997 981 1
997 1300 1
997 1500 1
998 857 1
998 981 1
998 1300 1
998 1500 1
999 857 1
999 981 1
999 1300 1
999 1500 1
1000 857 1
1000 981 1
1000 1300 1
1000 1500 1
1001 857 1
1001 981 1
1001 1300 1
1001 1500 1
1002 857 1
1002 981 1
1002 1300 1
1002 1500 1
1003 857 1
1003 981 1
1003 1300 1
1003 1500 1
1004 857 1
1004 981 1
1004 1300 1
1004 1500 1
1005 857 1
1005 981 1
1005 1300 1
1005 1500 1
1006 857 1
1006 981 1
1006 1300 1
1006 1500 1
1007 857 1
1007 981 1
1007 1300 1
1007 1500 1
1008 857 1
1008 981 1
1008 1300 1
1008 1500 1
1009 857 1
1009 981 1
1009 1300 1
1009 1500 1
1010 857 1
1010 981 1
1010 1300 1
1010 1500 1
1011 857 1
1011 981 1
1011 1300 1
1011 1500 1
1012 857 1
1012 981 1
1012 1300 1
1012 1500 1
1013 857 1
1013 981 1
1013 1300 1
1013 1500 1
1014 857 1
1014 981 1
1014 1300 1
1014 1500 1
1015 857 1
1015 981 1
1015 1300 1
1015 1500 1
1016 857 1
1016 981 1
1016 1300 1
1016 1500 1
1017 857 1
1017 981 1
1017 1300 1
1017 1500 1
1018 857 1
1018 981 1
1018 1300 1
1018 1500 1
1019 857 1
1019 981 1
1019 1300 1
1019 1500 1
1020 857 1
1020 981 1
1020 1300 1
1020 1500 1
1021 857 1
1021 981 1
1021 1300 1
1021 1500 1
1022 857 1
1022 981 1
1022 1300 1
1022 1500 1
1023 857 1
1023 981 1
1023 1300 1
1023 1500 1
1024 857 1
1024 981 1
1024 1300 1
1024 1500 1
1025 857 1
1025 981 1
1025 1300 1
1025 1500 1
1026 857 1
1026 981 1
1026 1300 1
1026 1500 1
1027 857 1
1027 981 1
1027 1300 1
1027 1500 1
1028 857 1
1028 981 1
1028 1300 1
1028 1500 1
1029 857 1
1029 981 1
1029 1300 1
1029 1500 1
1030 857 1
1030 981 1
1030 1300 1
1030 1500 1
1031 857 1
1031 981 1
1031 1300 1
1031 1500 1
1032 857 1
1032 981 1
1032 1300 1
1032 1500 1
1033 857 1
1033 981 1
1033 1300 1
1033 1500 1
1034 857 1
1034 981 1
1034 1300 1
1034 1500 1
1035 857 1
1035 981 1
1035 1300 1
1035 1500 1
1036 857 1
1036 981 1
1036 1300 1
1036 1500 1
1037 857 1
1037 981 1
1037 1300 1
1037 1500 1
1038 857 1
1038 981 1
1038 1300 1
1038 1500 1
1039 857 1
1039 981 1
1039 1300 1
1039 1500 1
1040 857 1
1040 981 1
1040 1300 1
1040 1500 1
1041 857 1
1041 981 1
1041 1300 1
1041 1500 1
1042 857 1
1042 981 1
1042 1300 1
1042 1500 1
1043 857 1
1043 981 1
1043 1300 1
1043 1500 1
1044 857 1
1044 981 1
1044 1300 1
1044 1500 1
1045 857 1
1045 981 1
1045 1300 1
1045 1500 1
1046 857 1
1046 981 1
1046 1300 1
1046 1500 1
1047 857 1
1047 981 1
1047 1300 1
1047 1500 1
1048 857 1
1048 981 1
1048 1300 1
1048 1500 1
1049 857 1
1049 981 1
1049 1300 1
1049 1500 1
1050 857 1
1050 981 1
1050 1300 1
1050 1500 1
1051 857 1
1051 981 1
1051 1300 1
1051 1500 1
1052 857 1
1052 981 1
1052 1300 1
1052 1500 1
1053 857 1
1053 981 1
1053 1300 1
1053 1500 1
1054 857 1
1054 981 1
1054 1300 1
1054 1500 1
1055 857 1
1055 981 1
1055 1300 1
1055 1500 1
1056 857 1
1056 981 1
1056 1300 1
1056 1500 1
1057 857 1
1057 981 1
1057 1300 1
1057 1500 1
1058 857 1
1058 981 1
1058 1300 1
1058 1500 1
1059 857 1
1059 981 1
1059 1300 1
1059 1500 1
1060 857 1
1060 981 1
1060 1300 1
1060 1500 1
1061 857 1
1061 981 1
1061 1300 1
1061 1500 1
1062 857 1
1062 981 1
1062 1300 1
1062 1500 1
1063 857 1
1063 981 1
1063 1300 1
1063 1500 1
1064 857 1
1064 981 1
1064 1300 1
1064 1500 1
1065 857 1
1065 981 1
1065 1300 1
1065 1500 1
1066 857 1
1066 981 1
1066 1300 1
1066 1500 1
1067 857 1
1067 981 1
1067 1300 1
1067 1500 1
1068 857 1
1068 981 1
1068 1300 1
1068 1500 1
1069 857 1
1069 981 1
1069 1300 1
1069 1500 1
1070 857 1
1070 981 1
1070 1300 1
1070 1500 1
1071 857 1
1071 981 1
1071 1300 1
1071 1500 1
1072 857 1
1072 981 1
1072 1300 1
1072 1500 1
1073 857 1
1073 981 1
1073 1300 1
1073 1500 1
1074 857 1
1074 981 1
1074 1300 1
1074 1500 1
1075 857 1
1075 981 1
1075 1300 1
1075 1500 1
1076 857 1
1076 981 1
1076 1300 1
1076 1500 1
1077 857 1
1077 981 1
1077 1300 1
1077 1500 1
1078 857 1
1078 981 1
1078 1300 1
1078 1500 1
1079 857 1
1079 981 1
1079 1300 1
1079 1500 1
1080 857 1
1080 981 1
1080 1300 1
1080 1500 1
1081 857 1
1081 981 1
1081 1300 1
1081 1500 1
1082 857 1
1082 981 1
1082 1300 1
1082 1500 1
1083 857 1
1083 981 1
1083 1300 1
1083 1500 1
1084 857 1
1084 981 1
1084 1300 1
1084 1500 1
1085 857 1
1085 981 1
1085 1300 1
1085 1500 1
1086 857 1
1086 981 1
1086 1300 1
1086 1500 1
1087 857 1
1087 981 1
1087 1300 1
1087 1500 1
1088 857 1
1088 981 1
1088 1300 1
1088 1500 1
1089 857 1
1089 981 1
1089 1300 1
1089 1500 1
1090 857 1
1090 981 1
1090 1300 1
1090 1500 1
1091 857 1
1091 981 1
1091 1300 1
1091 1500 1
1092 857 1
1092 981 1
1092 1300 1
1092 1500 1
1093 857 1
1093 981 1
1093 1300 1
1093 1500 1
1094 857 1
1094 981 1
1094 1300 1
1094 1500 1
1095 857 1
1095 981 1
1095 1300 1
1095 1500 1
1096 857 1
1096 981 1
1096 1300 1
1096 1500 1
1097 857 1
1097 981 1
1097 1300 1
1097 1500 1
1098 857 1
1098 981 1
1098 1300 1
1098 1500 1
1099 857 1
1099 981 1
1099 1300 1
1099 1500 1
1100 857 1
1100 981 1
1100 1300 1
1100 1500 1
1101 857 1
1101 981 1
1101 1300 1
1101 1500 1
1102 857 1
1102 981 1
1102 1300 1
1102 1500 1
1103 857 1
1103 981 1
1103 1300 1
1103 1500 1
1104 857 1
1104 981 1
1104 1300 1
1104 1500 1
1105 857 1
1105 981 1
1105 1300 1
1105 1500 1
1106 857 1
1106 981 1
1106 1300 1
1106 1500 1
1107 857 1
1107 981 1
1107 1300 1
1107 1500 1
1108 857 1
1108 981 1
1108 1300 1
1108 1500 1
1109 857 1
1109 981 1
1109 1300 1
1109 1500 1
1110 857 1
1110 981 1
1110 1300 1
1110 1500 1
1111 857 1
1111 981 1
1111 1300 1
1111 1500 1
1112 857 1
1112 981 1
1112 1300 1
1112 1500 1
1113 857 1
1113 981 1
1113 1300 1
1113 1500 1
1114 857 1
1114 981 1
1114 1300 1
1114 1500 1
1115 857 1
1115 981 1
1115 1300 1
1115 1500 1
1116 857 1
1116 981 1
1116 1300 1
1116 1500 1
1117 857 1
1117 981 1
1117 1300 1
1117 1500 1
1118 857 1
1118 981 1
1118 1300 1
1118 1500 1
1119 857 1
1119 981 1
1119 1300 1
1119 1500 1
1120 857 1
1120 981 1
1120 1300 1
1120 1500 1
1121 857 1
1121 981 1
1121 1300 1
1121 1500 1
1122 857 1
1122 981 1
1122 1300 1
1122 1500 1
1123 857 1
1123 981 1
1123 1300 1
1123 1500 1
1124 857 1
1124 981 1
1124 1300 1
1124 1500 1
1125 857 1
1125 981 1
1125 1300 1
1125 1500 1
1126 857 1
1126 981 1
1126 1300 1
1126 1500 1
1127 857 1
1127 981 1
1127 1300 1
1127 1500 1
1128 857 1
1128 981 1
1128 1300 1
1128 1500 1
1129 857 1
1129 981 1
1129 1300 1
1129 1500 1
1130 857 1
1130 981 1
1130 1300 1
1130 1500 1
1131 857 1
1131 981 1
1131 1300 1
1131 1500 1
1132 857 1
1132 981 1
1132 1300 1
1132 1500 1
1133 857 1
1133 981 1
1133 1300 1
1133 1500 1
1134 857 1
1134 981 1
1134 1300 1
1134 1500 1
1135 857 1
1135 981 1
1135 1300 1
1135 1500 1
1136 857 1
1136 981 1
1136 1300 1
1136 1500 1
1137 857 1
1137 981 1
1137 1300 1
1137 1500 1
1138 857 1
1138 981 1
1138 1300 1
1138 1500 1
1139 857 1
1139 981 1
1139 1300 1
1139 1500 1
1140 857 1
1140 981 1
1140 1300 1
1140 1500 1
1141 857 1
1141 981 1
1141 1300 1
1141 1500 1
1142 857 1
1142 981 1
1142 1300 1
1142 1500 1
1143 857 1
1143 981 1
1143 1300 1
1143 1500 1
1144 857 1
1144 981 1
1144 1300 1
1144 1500 1
1145 857 1
1145 981 1
1145 1300 1
1145 1500 1
1146 857 1
1146 981 1
1146 1300 1
1146 1500 1
1147 857 1
1147 981 1
1147 1300 1
1147 1500 1
1148 857 1
1148 981 1
1148 1300 1
1148 1500 1
1149 857 1
1149 981 1
1149 1300 1
1149 1500 1
1150 857 1
1150 981 1
1150 1300 1
1150 1500 1
1151 857 1
1151 981 1
1151 1300 1
1151 1500 1
1152 857 1
1152 981 1
1152 1300 1
1152 1500 1
1153 857 1
1153 981 1
1153 1300 1
1153 1500 1
1154 857 1
1154 981 1
1154 1300 1
1154 1500 1
1155 857 1
1155 981 1
1155 1300 1
1155 1500 1
1156 857 1
1156 981 1
1156 1300 1
1156 1500 1
1157 857 1
1157 981 1
1157 1300 1
1157 1500 1
1158 857 1
1158 981 1
1158 1300 1
1158 1500 1
1159 857 1
1159 981 1
1159 1300 1
1159 1500 1
1160 857 1
1160 981 1
1160 1300 1
1160 1500 1
1161 857 1
1161 981 1
1161 1300 1
1161 1500 1
1162 857 1
1162 981 1
1162 1300 1
1162 1500 1
1163 857 1
1163 981 1
1163 1300 1
1163 1500 1
1164 857 1
1164 981 1
1164 1300 1
1164 1500 1
1165 857 1
1165 981 1
1165 1300 1
1165 1500 1
1166 857 1
1166 981 1
1166 1300 1
1166 1500 1
1167 857 1
1167 981 1
1167 1300 1
1167 1500 1
1168 857 1
1168 981 1
1168 1300 1
1168 1500 1
1169 857 1
1169 981 1
1169 1300 1
1169 1500 1
1170 857 1
1170 981 1
1170 1300 1
1170 1500 1
1171 857 1
1171 981 1
1171 1300 1
1171 1500 1
1172 857 1
1172 981 1
1172 1300 1
1172 1500 1
1173 857 1
1173 981 1
1173 1300 1
1173 1500 1
1174 857 1
1174 981 1
1174 1300 1
1174 1500 1
1175 857 1
1175 981 1
1175 1300 1
1175 1500 1
1176 857 1
1176 981 1
1176 1300 1
1176 1500 1
1177 857 1
1177 981 1
1177 1300 1
1177 1500 1
1178 857 1
1178 981 1
1178 1300 1
1178 1500 1
1179 857 1
1179 981 1
1179 1300 1
1179 1500 1
1180 857 1
1180 981 1
1180 982 1
1180 983 1
1180 984 1
1180 985 1
1180 986 1
1180 987 1
1180 988 1
1180 989 1
1180 990 1
1180 991 1
1180 992 1
1180 993 1
1180 994 1
1180 995 1
1180 996 1
1180 997 1
1180 998 1
1180 999 1
1180 1000 1
1180 1001 1
1180 1002 1
1180 1003 1
1180 1004 1
1180 1005 1
1180 1006 1
1180 1007 1
1180 1008 1
1180 1009 1
1180 1010 1
1180 1011 1
1180 1012 1
1180 1013 1
1180 1014 1
1180 1015 1
1180 1016 1
1180 1017 1
1180 1018 1
1180 1019 1
1180 1020 1
1180 1021 1
1180 1022 1
1180 1023 1
1180 1024 1
1180 1025 1
1180 1026 1
1180 1027 1
1180 1028 1
1180 1029 1
1180 1030 1
1180 1031 1
1180 1032 1
1180 1033 1
1180 1034 1
1180 1035 1
1180 1036 1
1180 1037 1
1180 1038 1
1180 1039 1
1180 1040 1
1180 1041 1
1180 1042 1
1180 1043 1
1180 1044 1
1180 1045 1
1180 1046 1
1180 1047 1
1180 1048 1
1180 1049 1
1180 1050 1
1180 1051 1
1180 1052 1
1180 1053 1
1180 1054 1
1180 1055 1
1180 1056 1
1180 1057 1
1180 1058 1
1180 1059 1
1180 1060 1
1180 1061 1
1180 1062 1
1180 1063 1
1180 1064 1
1180 1065 1
1180 1066 1
1180 1067 1
1180 1068 1
1180 1069 1
1180 1070 1
1180 1071 1
1180 1072 1
1180 1073 1
1180 1074 1
1180 1075 1
1180 1076 1
1180 1077 1
1180 1078 1
1180 1079 1
1180 1080 1
1180 1081 1
1180 1082 1
1180 1083 1
1180 1084 1
1180 1085 1
1180 1086 1
1180 1087 1
1180 1088 1
1180 1089 1
1180 1090 1
1180 1091 1
1180 1092 1
1180 1093 1
1180 1094 1
1180 1095 1
1180 1096 1
1180 1097 1
1180 1098 1
1180 1099 1
1180 1100 1
1180 1101 1
1180 1102 1
1180 1103 1
1180 1104 1
1180 1105 1
1180 1106 1
1180 1107 1
1180 1108 1
1180 1109 1
1180 1110 1
1180 1111 1
1180 1112 1
1180 1113 1
1180 1114 1
1180 1115 1
1180 1116 1
1180 1117 1
1180 1118 1
1180 1119 1
1180 1120 1
1180 1121 1
1180 1122 1
1180 1123 1
1180 1124 1
1180 1125 1
1180 1126 1
1180 1127 1
1180 1128 1
1180 1129 1
1180 1130 1
1180 1131 1
1180 1132 1
1180 1133 1
1180 1134 1
1180 1135 1
1180 1136 1
1180 1137 1
1180 1138 1
1180 1139 1
1180 1140 1
1180 1141 1
1180 1142 1
1180 1143 1
1180 1144 1
1180 1145 1
1180 1146 1
1180 1147 1
1180 1148 1
1180 1149 1
1180 1150 1
1180 1151 1
1180 1152 1
1180 1153 1
1180 1154 1
1180 1155 1
1180 1156 1
1180 1157 1
1180 1158 1
1180 1159 1
1180 1160 1
1180 1161 1
1180 1162 1
1180 1163 1
1180 1164 1
1180 1165 1
1180 1166 1
1180 1167 1
1180 1168 1
1180 1169 1
1180 1170 1
1180 1171 1
1180 1172 1
1180 1173 1
1180 1174 1
1180 1175 1
1180 1176 1
1180 1177 1
1180 1178 1
1180 1179 1
1180 1180 1
1180 1181 1
1180 1182 1
1180 1183 1
1180 1184 1
1180 1185 1
1180 1186 1
1180 1187 1
1180 1188 1
1180 1189 1
1180 1190 1
1180 1191 1
1180 1192 1
1180 1193 1
1180 1194 1
1180 1195 1
1180 1196 1
1180 1197 1
1180 1198 1
1180 1199 1
1180 1200 1
1180 1201 1
1180 1202 1
1180 1203 1
1180 1204 1
1180 1205 1
1180 1206 1
1180 1207 1
1180 1208 1
1180 1209 1
1180 1210 1
1180 1211 1
1180 1212 1
1180 1213 1
1180 1214 1
1180 1215 1
1180 1216 1
1180 1217 1
1180 1218 1
1180 1219 1
1180 1220 1
1180 1221 1
1180 1222 1
1180 1223 1
1180 1224 1
1180 1225 1
1180 1226 1
1180 1227 1
1180 1228 1
1180 1229 1
1180 1230 1
1180 1231 1
1180 1232 1
1180 1233 1
1180 1234 1
1180 1235 1
1180 1236 1
1180 1237 1
1180 1238 1
1180 1239 1
1180 1240 1
1180 1241 1
1180 1242 1
1180 1243 1
1180 1244 1
1180 1245 1
1180 1246 1
1180 1247 1
1180 1248 1
1180 1249 1
1180 1250 1
1180 1251 1
1180 1252 1
1180 1253 1
1180 1254 1
1180 1255 1
1180 1256 1
1180 1257 1
1180 1258 1
1180 1259 1
1180 1260 1
1180 1261 1
1180 1262 1
1180 1263 1
1180 1264 1
1180 1265 1
1180 1266 1
1180 1267 1
1180 1268 1
1180 1269 1
1180 1270 1
1180 1271 1
1180 1272 1
1180 1273 1
1180 1274 1
1180 1275 1
1180 1276 1
1180 1277 1
1180 1278 1
1180 1279 1
1180 1280 1
1180 1281 1
1180 1282 1
1180 1283 1
1180 1284 1
1180 1285 1
1180 1286 1
1180 1287 1
1180 1288 1
1180 1289 1
1180 1290 1
1180 1291 1
1180 1292 1
1180 1293 1
1180 1294 1
1180 1295 1
1180 1296 1
1180 1297 1
1180 1298 1
1180 1299 1
1180 1300 1
1180 1500 1
1181 857 1
1181 1500 1
1182 857 1
1182 1500 1
1183 857 1
1183 1500 1
1184 857 1
1184 1500 1
1185 857 1
1185 1500 1
1186 857 1
1186 1500 1
1187 857 1
1187 1500 1
1188 857 1
1188 1500 1
1189 857 1
1189 1500 1
1190 857 1
1190 1500 1
1191 857 1
1191 1500 1
1192 857 1
1192 1500 1
1193 857 1
1193 1500 1
1194 857 1
1194 1500 1
1195 857 1
1195 1500 1
1196 857 1
1196 1500 1
1197 857 1
1197 1500 1
1198 857 1
1198 1500 1
1199 857 1
1199 1500 1
1200 857 1
1200 1500 1
1201 857 1
1201 1500 1
1202 857 1
1202 1500 1
1203 857 1
1203 1500 1
1204 857 1
1204 1500 1
1205 857 1
1205 1500 1
1206 857 1
1206 1500 1
1207 857 1
1207 1500 1
1208 857 1
1208 1500 1
1209 857 1
1209 1500 1
1210 857 1
1210 1500 1
1211 857 1
1211 1500 1
1212 857 1
1212 1500 1
1213 857 1
1213 1500 1
1214 857 1
1214 1500 1
1215 857 1
1215 1500 1
1216 857 1
1216 1500 1
1217 857 1
1217 1500 1
1218 857 1
1218 1500 1
1219 857 1
1219 1500 1
1220 857 1
1220 1500 1
1221 857 1
1221 1500 1
1222 857 1
1222 1500 1
1223 857 1
1223 1500 1
1224 857 1
1224 1500 1
1225 857 1
1225 1500 1
1226 857 1
1226 1500 1
1227 857 1
1227 1500 1
1228 857 1
1228 1500 1
1229 857 1
1229 1500 1
1230 857 1
1230 1500 1
1231 857 1
1231 1500 1
1232 857 1
1232 1500 1
1233 857 1
1233 1500 1
1234 857 1
1234 1500 1
1235 857 1
1235 1500 1
1236 857 1
1236 1500 1
1237 857 1
1237 1500 1
1238 857 1
1238 1500 1
1239 857 1
1239 1500 1
1240 857 1
1240 1500 1
1241 857 1
1241 1500 1
1242 857 1
1242 1500 1
1243 857 1
1243 1500 1
1244 857 1
1244 1500 1
1245 857 1
1245 1500 1
1246 857 1
1246 1500 1
1247 857 1
1247 1500 1
1248 857 1
1248 1500 1
1249 857 1
1249 1500 1
1250 857 1
1250 1500 1
1251 857 1
1251 1500 1
1252 857 1
1252 1500 1
1253 857 1
1253 1500 1
1254 857 1
1254 1500 1
1255 857 1
1255 1500 1
1256 857 1
1256 1500 1
1257 857 1
1257 1500 1
1258 857 1
1258 1500 1
1259 857 1
1259 1500 1
1260 857 1
1260 1500 1
1261 857 1
1261 1500 1
1262 857 1
1262 1500 1
1263 857 1
1263 1500 1
1264 857 1
1264 1500 1
1265 857 1
1265 1500 1
1266 857 1
1266 1500 1
1267 857 1
1267 1500 1
1268 857 1
1268 1500 1
1269 857 1
1269 1500 1
1270 857 1
1270 1500 1
1271 857 1
1271 1500 1
1272 857 1
1272 1500 1
1273 857 1
1273 1500 1
1274 857 1
1274 1500 1
1275 857 1
1275 1500 1
1276 857 1
1276 1500 1
1277 857 1
1277 1500 1
1278 857 1
1278 1500 1
1279 857 1
1279 1500 1
1280 857 1
1280 1500 1
1281 857 1
1281 1500 1
1282 857 1
1282 1500 1
1283 857 1
1283 1500 1
1284 857 1
1284 1500 1
1285 857 1
1285 1500 1
1286 857 1
1286 1500 1
1287 857 1
1287 1500 1
1288 857 1
1288 1500 1
1289 857 1
1289 1500 1
1290 857 1
1290 1500 1
1291 857 1
1291 1500 1
1292 857 1
1292 1500 1
1293 857 1
1293 1500 1
1294 857 1
1294 1500 1
1295 857 1
1295 1500 1
1296 857 1
1296 1500 1
1297 857 1
1297 1500 1
1298 857 1
1298 1500 1
1299 857 1
1299 1500 1
1300 857 1
1300 858 1
1300 859 1
1300 860 1
1300 861 1
1300 862 1
1300 863 1
1300 864 1
1300 865 1
1300 866 1
1300 867 1
1300 868 1
1300 869 1
1300 870 1
1300 871 1
1300 872 1
1300 873 1
1300 874 1
1300 875 1
1300 876 1
1300 877 1
1300 878 1
1300 879 1
1300 880 1
1300 881 1
1300 882 1
1300 883 1
1300 884 1
1300 885 1
1300 886 1
1300 887 1
1300 888 1
1300 889 1
1300 890 1
1300 891 1
1300 892 1
1300 893 1
1300 894 1
1300 895 1
1300 896 1
1300 897 1
1300 898 1
1300 899 1
1300 900 1
1300 901 1
1300 902 1
1300 903 1
1300 904 1
1300 905 1
1300 906 1
1300 907 1
1300 908 1
1300 909 1
1300 910 1
1300 911 1
1300 912 1
1300 913 1
1300 914 1
1300 915 1
1300 916 1
1300 917 1
1300 918 1
1300 919 1
1300 920 1
1300 921 1
1300 922 1
1300 923 1
1300 924 1
1300 925 1
1300 926 1
1300 927 1
1300 928 1
1300 929 1
1300 930 1
1300 931 1
1300 932 1
1300 933 1
1300 934 1
1300 935 1
1300 936 1
1300 937 1
1300 938 1
1300 939 1
1300 940 1
1300 941 1
1300 942 1
1300 943 1
1300 944 1
1300 945 1
1300 946 1
1300 947 1
1300 948 1
1300 949 1
1300 950 1
1300 951 1
1300 952 1
1300 953 1
1300 954 1
1300 955 1
1300 956 1
1300 957 1
1300 958 1
1300 959 1
1300 960 1
1300 961 1
1300 962 1
1300 963 1
1300 964 1
1300 965 1
1300 966 1
1300 967 1
1300 968 1
1300 969 1
1300 970 1
1300 971 1
1300 972 1
1300 973 1
1300 974 1
1300 975 1
1300 976 1
1300 977 1
1300 978 1
1300 979 1
1300 980 1
1300 981 1
1300 982 1
1300 983 1
1300 984 1
1300 985 1
1300 986 1
1300 987 1
1300 988 1
1300 989 1
1300 990 1
1300 991 1
1300 992 1
1300 993 1
1300 994 1
1300 995 1
1300 996 1
1300 997 1
1300 998 1
1300 999 1
1300 1000 1
1300 1001 1
1300 1002 1
1300 1003 1
1300 1004 1
1300 1005 1
1300 1006 1
1300 1007 1
1300 1008 1
1300 1009 1
1300 1010 1
1300 1011 1
1300 1012 1
1300 1013 1
1300 1014 1
1300 1015 1
1300 1016 1
1300 1017 1
1300 1018 1
1300 1019 1
1300 1020 1
1300 1021 1
1300 1022 1
1300 1023 1
1300 1024 1
1300 1025 1
1300 1026 1
1300 1027 1
1300 1028 1
1300 1029 1
1300 1030 1
1300 1031 1
1300 1032 1
1300 1033 1
1300 1034 1
1300 1035 1
1300 1036 1
1300 1037 1
1300 1038 1
1300 1039 1
1300 1040 1
1300 1041 1
1300 1042 1
1300 1043 1
1300 1044 1
1300 1045 1
1300 1046 1
1300 1047 1
1300 1048 1
1300 1049 1
1300 1050 1
1300 1051 1
1300 1052 1
1300 1053 1
1300 1054 1
1300 1055 1
1300 1056 1
1300 1057 1
1300 1058 1
1300 1059 1
1300 1060 1
1300 1061 1
1300 1062 1
1300 1063 1
1300 1064 1
1300 1065 1
1300 1066 1
1300 1067 1
1300 1068 1
1300 1069 1
1300 1070 1
1300 1071 1
1300 1072 1
1300 1073 1
1300 1074 1
1300 1075 1
1300 1076 1
1300 1077 1
1300 1078 1
1300 1079 1
1300 1080 1
1300 1081 1
1300 1082 1
1300 1083 1
1300 1084 1
1300 1085 1
1300 1086 1
1300 1087 1
1300 1088 1
1300 1089 1
1300 1090 1
1300 1091 1
1300 1092 1
1300 1093 1
1300 1094 1
1300 1095 1
1300 1096 1
1300 1097 1
1300 1098 1
1300 1099 1
1300 1100 1
1300 1101 1
1300 1102 1
1300 1103 1
1300 1104 1
1300 1105 1
1300 1106 1
1300 1107 1
1300 1108 1
1300 1109 1
1300 1110 1
1300 1111 1
1300 1112 1
1300 1113 1
1300 1114 1
1300 1115 1
1300 1116 1
1300 1117 1
1300 1118 1
1300 1119 1
1300 1120 1
1300 1121 1
1300 1122 1
1300 1123 1
1300 1124 1
1300 1125 1
1300 1126 1
1300 1127 1
1300 1128 1
1300 1129 1
1300 1130 1
1300 1131 1
1300 1132 1
1300 1133 1
1300 1134 1
1300 1135 1
1300 1136 1
1300 1137 1
1300 1138 1
1300 1139 1
1300 1140 1
1300 1141 1
1300 1142 1
1300 1143 1
1300 1144 1
1300 1145 1
1300 1146 1
1300 1147 1
1300 1148 1
1300 1149 1
1300 1150 1
1300 1151 1
1300 1152 1
1300 1153 1
1300 1154 1
1300 1155 1
1300 1156 1
1300 1157 1
1300 1158 1
1300 1159 1
1300 1160 1
1300 1161 1
1300 1162 1
1300 1163 1
1300 1164 1
1300 1165 1
1300 1166 1
1300 1167 1
1300 1168 1
1300 1169 1
1300 1170 1
1300 1171 1
1300 1172 1
1300 1173 1
1300 1174 1
1300 1175 1
1300 1176 1
1300 1177 1
1300 1178 1
1300 1179 1
1300 1180 1
1300 1181 1
1300 1182 1
1300 1183 1
1300 1184 1
1300 1185 1
1300 1186 1
1300 1187 1
1300 1188 1
1300 1189 1
1300 1190 1
1300 1191 1
1300 1192 1
1300 1193 1
1300 1194 1
1300 1195 1
1300 1196 1
1300 1197 1
1300 1198 1
1300 1199 1
1300 1200 1
1300 1201 1
1300 1202 1
1300 1203 1
1300 1204 1
1300 1205 1
1300 1206 1
1300 1207 1
1300 1208 1
1300 1209 1
1300 1210 1
1300 1211 1
1300 1212 1
1300 1213 1
1300 1214 1
1300 1215 1
1300 1216 1
1300 1217 1
1300 1218 1
1300 1219 1
1300 1220 1
1300 1221 1
1300 1222 1
1300 1223 1
1300 1224 1
1300 1225 1
1300 1226 1
1300 1227 1
1300 1228 1
1300 1229 1
1300 1230 1
1300 1231 1
1300 1232 1
1300 1233 1
1300 1234 1
1300 1235 1
1300 1236 1
1300 1237 1
1300 1238 1
1300 1239 1
1300 1240 1
1300 1241 1
1300 1242 1
1300 1243 1
1300 1244 1
1300 1245 1
1300 1246 1
1300 1247 1
1300 1248 1
1300 1249 1
1300 1250 1
1300 1251 1
1300 1252 1
1300 1253 1
1300 1254 1
1300 1255 1
1300 1256 1
1300 1257 1
1300 1258 1
1300 1259 1
1300 1260 1
1300 1261 1
1300 1262 1
1300 1263 1
1300 1264 1
1300 1265 1
1300 1266 1
1300 1267 1
1300 1268 1
1300 1269 1
1300 1270 1
1300 1271 1
1300 1272 1
1300 1273 1
1300 1274 1
1300 1275 1
1300 1276 1
1300 1277 1
1300 1278 1
1300 1279 1
1300 1280 1
1300 1281 1
1300 1282 1
1300 1283 1
1300 1284 1
1300 1285 1
1300 1286 1
1300 1287 1
1300 1288 1
1300 1289 1
1300 1290 1
1300 1291 1
1300 1292 1
1300 1293 1
1300 1294 1
1300 1295 1
1300 1296 1
1300 1297 1
1300 1298 1
1300 1299 1
1300 1300 1
1300 1301 1
1300 1302 1
1300 1303 1
1300 1304 1
1300 1305 1
1300 1306 1
1300 1307 1
1300 1308 1
1300 1309 1
1300 1310 1
1300 1311 1
1300 1312 1
1300 1313 1
1300 1314 1
1300 1315 1
1300 1316 1
1300 1317 1
1300 1318 1
1300 1319 1
1300 1320 1
1300 1321 1
1300 1322 1
1300 1323 1
1300 1324 1
1300 1325 1
1300 1326 1
1300 1327 1
1300 1328 1
1300 1329 1
1300 1330 1
1300 1331 1
1300 1332 1
1300 1333 1
1300 1334 1
1300 1335 1
1300 1336 1
1300 1337 1
1300 1338 1
1300 1339 1
1300 1340 1
1300 1341 1
1300 1342 1
1300 1343 1
1300 1344 1
1300 1345 1
1300 1346 1
1300 1347 1
1300 1348 1
1300 1349 1
1300 1350 1
1300 1351 1
1300 1352 1
1300 1353 1
1300 1354 1
1300 1355 1
1300 1356 1
1300 1357 1
1300 1358 1
1300 1359 1
1300 1360 1
1300 1361 1
1300 1362 1
1300 1363 1
1300 1364 1
1300 1365 1
1300 1366 1
1300 1367 1
1300 1368 1
1300 1369 1
1300 1370 1
1300 1371 1
1300 1372 1
1300 1373 1
1300 1374 1
1300 1375 1
1300 1376 1
1300 1377 1
1300 1378 1
1300 1379 1
1300 1380 1
1300 1381 1
1300 1382 1
1300 1383 1
1300 1384 1
1300 1385 1
1300 1386 1
1300 1387 1
1300 1388 1
1300 1389 1
1300 1390 1
1300 1391 1
1300 1392 1
1300 1393 1
1300 1394 1
1300 1395 1
1300 1396 1
1300 1397 1
1300 1398 1
1300 1399 1
1300 1400 1
1300 1401 1
1300 1402 1
1300 1403 1
1300 1404 1
1300 1405 1
1300 1406 1
1300 1407 1
1300 1408 1
1300 1409 1
1300 1410 1
1300 1411 1
1300 1412 1
1300 1413 1
1300 1414 1
1300 1415 1
1300 1416 1
1300 1417 1
1300 1418 1
1300 1419 1
1300 1420 1
1300 1421 1
1300 1422 1
1300 1423 1
1300 1424 1
1300 1425 1
1300 1426 1
1300 1427 1
1300 1428 1
1300 1429 1
1300 1430 1
1300 1431 1
1300 1432 1
1300 1433 1
1300 1434 1
1300 1435 1
1300 1436 1
1300 1437 1
1300 1438 1
1300 1439 1
1300 1440 1
1300 1441 1
1300 1442 1
1300 1443 1
1300 1444 1
1300 1445 1
1300 1446 1
1300 1447 1
1300 1448 1
1300 1449 1
1300 1450 1
1300 1451 1
1300 1452 1
1300 1453 1
1300 1454 1
1300 1455 1
1300 1456 1
1300 1457 1
1300 1458 1
1300 1459 1
1300 1460 1
1300 1461 1
1300 1462 1
1300 1463 1
1300 1464 1
1300 1465 1
1300 1466 1
1300 1467 1
1300 1468 1
1300 1469 1
1300 1470 1
1300 1471 1
1300 1472 1
1300 1473 1
1300 1474 1
1300 1475 1
1300 1476 1
1300 1477 1
1300 1478 1
1300 1479 1
1300 1480 1
1300 1481 1
1300 1482 1
1300 1483 1
1300 1484 1
1300 1485 1
1300 1486 1
1300 1487 1
1300 1488 1
1300 1489 1
1300 1490 1
1300 1491 1
1300 1492 1
1300 1493 1
1300 1494 1
1300 1495 1
1300 1496 1
1300 1497 1
1300 1498 1
1300 1499 1
1300 1500 1